solid OpenSCAD_Model
  facet normal -1 0 0
    outer loop
      vertex -16.1 -13.8324 1.8
      vertex -16.1 16.1 10
      vertex -16.1 16.1 1.8
    endloop
  endfacet
  facet normal -1 -0 0
    outer loop
      vertex -16.1 16.1 10
      vertex -16.1 -13.8324 1.8
      vertex -16.1 -13.8324 10
    endloop
  endfacet
  facet normal 0 0 1
    outer loop
      vertex -6.48335 16.1 10
      vertex -14.45 14.45 10
      vertex -4.83335 14.45 10
    endloop
  endfacet
  facet normal 0 0 1
    outer loop
      vertex -16.1 -13.8324 10
      vertex -14.45 14.45 10
      vertex -16.1 16.1 10
    endloop
  endfacet
  facet normal -0 0 1
    outer loop
      vertex -16.1 16.1 10
      vertex -14.45 14.45 10
      vertex -6.48335 16.1 10
    endloop
  endfacet
  facet normal 0 0 1
    outer loop
      vertex 14.45 -14.45 10
      vertex 16.1 -6.48335 10
      vertex 14.45 -4.83335 10
    endloop
  endfacet
  facet normal 0 0 1
    outer loop
      vertex 16.1 -6.48335 10
      vertex 14.45 -14.45 10
      vertex 16.1 -16.1 10
    endloop
  endfacet
  facet normal 0 0 1
    outer loop
      vertex 14.45 -14.45 10
      vertex -13.8324 -16.1 10
      vertex 16.1 -16.1 10
    endloop
  endfacet
  facet normal -0 0 1
    outer loop
      vertex -14.45 -14.45 10
      vertex -13.8324 -16.1 10
      vertex 14.45 -14.45 10
    endloop
  endfacet
  facet normal 0 0 1
    outer loop
      vertex -14.45 -14.45 10
      vertex -16.1 -13.8324 10
      vertex -13.8324 -16.1 10
    endloop
  endfacet
  facet normal 0 0 1
    outer loop
      vertex -14.45 14.45 10
      vertex -16.1 -13.8324 10
      vertex -14.45 -14.45 10
    endloop
  endfacet
  facet normal 1 -0 0
    outer loop
      vertex 16.1 -16.1 10
      vertex 16.1 -6.48335 1.8
      vertex 16.1 -6.48335 10
    endloop
  endfacet
  facet normal 1 0 0
    outer loop
      vertex 16.1 -6.48335 1.8
      vertex 16.1 -16.1 10
      vertex 16.1 -16.1 1.8
    endloop
  endfacet
  facet normal 0 1 -0
    outer loop
      vertex -6.48335 16.1 1.8
      vertex -16.1 16.1 10
      vertex -6.48335 16.1 10
    endloop
  endfacet
  facet normal 0 1 0
    outer loop
      vertex -16.1 16.1 10
      vertex -6.48335 16.1 1.8
      vertex -16.1 16.1 1.8
    endloop
  endfacet
  facet normal 0 0 -1
    outer loop
      vertex -20.75 -20.75 0
      vertex 20.75 -11.1333 0
      vertex 20.75 -20.75 0
    endloop
  endfacet
  facet normal -0 0 -1
    outer loop
      vertex 20.75 -11.1333 0
      vertex -20.75 -20.75 0
      vertex -11.1333 20.75 0
    endloop
  endfacet
  facet normal -0 0 -1
    outer loop
      vertex -11.1333 20.75 0
      vertex -20.75 -20.75 0
      vertex -20.75 20.75 0
    endloop
  endfacet
  facet normal 0 -1 0
    outer loop
      vertex -13.8324 -16.1 1.8
      vertex 16.1 -16.1 10
      vertex -13.8324 -16.1 10
    endloop
  endfacet
  facet normal 0 -1 -0
    outer loop
      vertex 16.1 -16.1 10
      vertex -13.8324 -16.1 1.8
      vertex 16.1 -16.1 1.8
    endloop
  endfacet
  facet normal 1 -0 0
    outer loop
      vertex -14.45 -14.45 10
      vertex -14.45 14.45 1.8
      vertex -14.45 14.45 10
    endloop
  endfacet
  facet normal 1 0 0
    outer loop
      vertex -14.45 14.45 1.8
      vertex -14.45 -14.45 10
      vertex -14.45 -14.45 1.8
    endloop
  endfacet
  facet normal -1 0 0
    outer loop
      vertex 14.45 -14.45 1.8
      vertex 14.45 -4.83335 10
      vertex 14.45 -4.83335 1.8
    endloop
  endfacet
  facet normal -1 -0 0
    outer loop
      vertex 14.45 -4.83335 10
      vertex 14.45 -14.45 1.8
      vertex 14.45 -14.45 10
    endloop
  endfacet
  facet normal 0 -1 0
    outer loop
      vertex -14.45 14.45 1.8
      vertex -4.83335 14.45 10
      vertex -14.45 14.45 10
    endloop
  endfacet
  facet normal 0 -1 -0
    outer loop
      vertex -4.83335 14.45 10
      vertex -14.45 14.45 1.8
      vertex -4.83335 14.45 1.8
    endloop
  endfacet
  facet normal 0 1 -0
    outer loop
      vertex 14.45 -14.45 1.8
      vertex -14.45 -14.45 10
      vertex 14.45 -14.45 10
    endloop
  endfacet
  facet normal 0 1 0
    outer loop
      vertex -14.45 -14.45 10
      vertex 14.45 -14.45 1.8
      vertex -14.45 -14.45 1.8
    endloop
  endfacet
  facet normal -0.707107 -0.707107 0
    outer loop
      vertex -13.8324 -16.1 1.8
      vertex -16.1 -13.8324 10
      vertex -16.1 -13.8324 1.8
    endloop
  endfacet
  facet normal -0.707107 -0.707107 0
    outer loop
      vertex -16.1 -13.8324 10
      vertex -13.8324 -16.1 1.8
      vertex -13.8324 -16.1 10
    endloop
  endfacet
  facet normal -1 0 0
    outer loop
      vertex -20.75 -20.75 0
      vertex -20.75 20.75 1.8
      vertex -20.75 20.75 0
    endloop
  endfacet
  facet normal -1 -0 0
    outer loop
      vertex -20.75 20.75 1.8
      vertex -20.75 -20.75 0
      vertex -20.75 -20.75 1.8
    endloop
  endfacet
  facet normal 0 0 1
    outer loop
      vertex -11.1333 20.75 1.8
      vertex -16.1 16.1 1.8
      vertex -6.48335 16.1 1.8
    endloop
  endfacet
  facet normal 0 0 1
    outer loop
      vertex -16.1 16.1 1.8
      vertex -20.75 20.75 1.8
      vertex -16.1 -13.8324 1.8
    endloop
  endfacet
  facet normal -0 0 1
    outer loop
      vertex -20.75 20.75 1.8
      vertex -16.1 16.1 1.8
      vertex -11.1333 20.75 1.8
    endloop
  endfacet
  facet normal 0 0 1
    outer loop
      vertex 16.1 -16.1 1.8
      vertex 20.75 -11.1333 1.8
      vertex 16.1 -6.48335 1.8
    endloop
  endfacet
  facet normal 0 0 1
    outer loop
      vertex 20.75 -11.1333 1.8
      vertex 16.1 -16.1 1.8
      vertex 20.75 -20.75 1.8
    endloop
  endfacet
  facet normal -0 0 1
    outer loop
      vertex -13.8324 -16.1 1.8
      vertex 20.75 -20.75 1.8
      vertex 16.1 -16.1 1.8
    endloop
  endfacet
  facet normal 0 0 1
    outer loop
      vertex -13.8324 -16.1 1.8
      vertex -20.75 -20.75 1.8
      vertex 20.75 -20.75 1.8
    endloop
  endfacet
  facet normal 0 0 1
    outer loop
      vertex -16.1 -13.8324 1.8
      vertex -20.75 -20.75 1.8
      vertex -13.8324 -16.1 1.8
    endloop
  endfacet
  facet normal 0 0 1
    outer loop
      vertex -20.75 -20.75 1.8
      vertex -16.1 -13.8324 1.8
      vertex -20.75 20.75 1.8
    endloop
  endfacet
  facet normal 0 0 1
    outer loop
      vertex -14.45 -14.45 1.8
      vertex 14.45 -4.83335 1.8
      vertex -4.83335 14.45 1.8
    endloop
  endfacet
  facet normal 0 0 1
    outer loop
      vertex -14.45 -14.45 1.8
      vertex -4.83335 14.45 1.8
      vertex -14.45 14.45 1.8
    endloop
  endfacet
  facet normal 0 0 1
    outer loop
      vertex 14.45 -4.83335 1.8
      vertex -14.45 -14.45 1.8
      vertex 14.45 -14.45 1.8
    endloop
  endfacet
  facet normal 1 -0 0
    outer loop
      vertex 20.75 -20.75 1.8
      vertex 20.75 -11.1333 0
      vertex 20.75 -11.1333 1.8
    endloop
  endfacet
  facet normal 1 0 0
    outer loop
      vertex 20.75 -11.1333 0
      vertex 20.75 -20.75 1.8
      vertex 20.75 -20.75 0
    endloop
  endfacet
  facet normal 0 1 -0
    outer loop
      vertex -11.1333 20.75 0
      vertex -20.75 20.75 1.8
      vertex -11.1333 20.75 1.8
    endloop
  endfacet
  facet normal 0 1 0
    outer loop
      vertex -20.75 20.75 1.8
      vertex -11.1333 20.75 0
      vertex -20.75 20.75 0
    endloop
  endfacet
  facet normal 0 -1 0
    outer loop
      vertex -20.75 -20.75 0
      vertex 20.75 -20.75 1.8
      vertex -20.75 -20.75 1.8
    endloop
  endfacet
  facet normal 0 -1 -0
    outer loop
      vertex 20.75 -20.75 1.8
      vertex -20.75 -20.75 0
      vertex 20.75 -20.75 0
    endloop
  endfacet
  facet normal 0.707107 0.707107 0
    outer loop
      vertex 14.45 -4.83335 10
      vertex 16.1 -6.48335 10
      vertex 14.45 -4.83335 1.8
    endloop
  endfacet
  facet normal 0.707107 0.707107 0
    outer loop
      vertex -6.48335 16.1 10
      vertex -4.83335 14.45 10
      vertex -6.48335 16.1 1.8
    endloop
  endfacet
  facet normal 0.707107 0.707107 0
    outer loop
      vertex -6.48335 16.1 1.8
      vertex -11.1333 20.75 0
      vertex -11.1333 20.75 1.8
    endloop
  endfacet
  facet normal 0.707107 0.707107 -0
    outer loop
      vertex -4.83335 14.45 1.8
      vertex -6.48335 16.1 1.8
      vertex -4.83335 14.45 10
    endloop
  endfacet
  facet normal 0.707107 0.707107 1.43044e-006
    outer loop
      vertex -4.83335 14.45 1.8
      vertex -11.1333 20.75 0
      vertex -6.48335 16.1 1.8
    endloop
  endfacet
  facet normal 0.707107 0.707107 0
    outer loop
      vertex 14.45 -4.83335 1.8
      vertex -11.1333 20.75 0
      vertex -4.83335 14.45 1.8
    endloop
  endfacet
  facet normal 0.707107 0.707107 -0
    outer loop
      vertex 16.1 -6.48335 1.8
      vertex 14.45 -4.83335 1.8
      vertex 16.1 -6.48335 10
    endloop
  endfacet
  facet normal 0.707107 0.707107 1.43044e-006
    outer loop
      vertex 20.75 -11.1333 0
      vertex 14.45 -4.83335 1.8
      vertex 16.1 -6.48335 1.8
    endloop
  endfacet
  facet normal 0.707107 0.707107 -0
    outer loop
      vertex 20.75 -11.1333 0
      vertex 16.1 -6.48335 1.8
      vertex 20.75 -11.1333 1.8
    endloop
  endfacet
  facet normal 0.707107 0.707107 0
    outer loop
      vertex 14.45 -4.83335 1.8
      vertex 20.75 -11.1333 0
      vertex -11.1333 20.75 0
    endloop
  endfacet
endsolid OpenSCAD_Model
